0,0,0
0,1,3
0,2,3
0,3,3
0,4,3
0,5,3
0,6,3
0,7,3
0,8,3
0,9,2
0,10,5
0,11,0
0,12,0
0,13,0
0,14,0
0,15,0
0,16,0
0,17,0
0,18,2
0,19,0
0,20,5
0,21,0
0,22,0
0,23,0
0,24,0
0,25,0
0,26,0
0,27,2
0,28,0
0,29,0
0,30,5
0,31,0
0,32,0
0,33,0
0,34,0
0,35,0
0,36,2
0,37,0
0,38,0
0,39,0
0,40,5
0,41,0
0,42,0
0,43,0
0,44,0
0,45,2
0,46,0
0,47,0
0,48,0
0,49,0
0,50,5
0,51,0
0,52,0
0,53,0
0,54,2
0,55,0
0,56,0
0,57,0
0,58,0
0,59,0
0,60,5
0,61,0
0,62,0
0,63,2
0,64,0
0,65,0
0,66,0
0,67,0
0,68,0
0,69,0
0,70,5
0,71,0
0,72,2
0,73,0
0,74,0
0,75,0
0,76,0
0,77,0
0,78,0
0,79,0
0,80,5
1,0,3
1,1,0
1,2,3
1,3,3
1,4,3
1,5,3
1,6,3
1,7,3
1,8,3
1,9,4
1,10,2
1,11,5
1,12,0
1,13,0
1,14,0
1,15,0
1,16,0
1,17,0
1,18,0
1,19,2
1,20,0
1,21,5
1,22,0
1,23,0
1,24,0
1,25,0
1,26,0
1,27,0
1,28,2
1,29,0
1,30,0
1,31,5
1,32,0
1,33,0
1,34,0
1,35,0
1,36,0
1,37,2
1,38,0
1,39,0
1,40,0
1,41,5
1,42,0
1,43,0
1,44,0
1,45,0
1,46,2
1,47,0
1,48,0
1,49,0
1,50,0
1,51,5
1,52,0
1,53,0
1,54,0
1,55,2
1,56,0
1,57,0
1,58,0
1,59,0
1,60,0
1,61,5
1,62,0
1,63,0
1,64,2
1,65,0
1,66,0
1,67,0
1,68,0
1,69,0
1,70,0
1,71,5
1,72,0
1,73,2
1,74,0
1,75,0
1,76,0
1,77,0
1,78,0
1,79,0
1,80,0
2,0,3
2,1,3
2,2,0
2,3,3
2,4,3
2,5,3
2,6,3
2,7,3
2,8,3
2,9,0
2,10,4
2,11,2
2,12,5
2,13,0
2,14,0
2,15,0
2,16,0
2,17,0
2,18,4
2,19,0
2,20,2
2,21,0
2,22,5
2,23,0
2,24,0
2,25,0
2,26,0
2,27,0
2,28,0
2,29,2
2,30,0
2,31,0
2,32,5
2,33,0
2,34,0
2,35,0
2,36,0
2,37,0
2,38,2
2,39,0
2,40,0
2,41,0
2,42,5
2,43,0
2,44,0
2,45,0
2,46,0
2,47,2
2,48,0
2,49,0
2,50,0
2,51,0
2,52,5
2,53,0
2,54,0
2,55,0
2,56,2
2,57,0
2,58,0
2,59,0
2,60,0
2,61,0
2,62,5
2,63,0
2,64,0
2,65,2
2,66,0
2,67,0
2,68,0
2,69,0
2,70,0
2,71,0
2,72,0
2,73,0
2,74,2
2,75,0
2,76,0
2,77,0
2,78,0
2,79,0
2,80,0
3,0,3
3,1,3
3,2,3
3,3,0
3,4,3
3,5,3
3,6,3
3,7,3
3,8,3
3,9,0
3,10,0
3,11,4
3,12,2
3,13,5
3,14,0
3,15,0
3,16,0
3,17,0
3,18,0
3,19,4
3,20,0
3,21,2
3,22,0
3,23,5
3,24,0
3,25,0
3,26,0
3,27,4
3,28,0
3,29,0
3,30,2
3,31,0
3,32,0
3,33,5
3,34,0
3,35,0
3,36,0
3,37,0
3,38,0
3,39,2
3,40,0
3,41,0
3,42,0
3,43,5
3,44,0
3,45,0
3,46,0
3,47,0
3,48,2
3,49,0
3,50,0
3,51,0
3,52,0
3,53,5
3,54,0
3,55,0
3,56,0
3,57,2
3,58,0
3,59,0
3,60,0
3,61,0
3,62,0
3,63,0
3,64,0
3,65,0
3,66,2
3,67,0
3,68,0
3,69,0
3,70,0
3,71,0
3,72,0
3,73,0
3,74,0
3,75,2
3,76,0
3,77,0
3,78,0
3,79,0
3,80,0
4,0,3
4,1,3
4,2,3
4,3,3
4,4,0
4,5,3
4,6,3
4,7,3
4,8,3
4,9,0
4,10,0
4,11,0
4,12,4
4,13,2
4,14,5
4,15,0
4,16,0
4,17,0
4,18,0
4,19,0
4,20,4
4,21,0
4,22,2
4,23,0
4,24,5
4,25,0
4,26,0
4,27,0
4,28,4
4,29,0
4,30,0
4,31,2
4,32,0
4,33,0
4,34,5
4,35,0
4,36,4
4,37,0
4,38,0
4,39,0
4,40,2
4,41,0
4,42,0
4,43,0
4,44,5
4,45,0
4,46,0
4,47,0
4,48,0
4,49,2
4,50,0
4,51,0
4,52,0
4,53,0
4,54,0
4,55,0
4,56,0
4,57,0
4,58,2
4,59,0
4,60,0
4,61,0
4,62,0
4,63,0
4,64,0
4,65,0
4,66,0
4,67,2
4,68,0
4,69,0
4,70,0
4,71,0
4,72,0
4,73,0
4,74,0
4,75,0
4,76,2
4,77,0
4,78,0
4,79,0
4,80,0
5,0,3
5,1,3
5,2,3
5,3,3
5,4,3
5,5,0
5,6,3
5,7,3
5,8,3
5,9,0
5,10,0
5,11,0
5,12,0
5,13,4
5,14,2
5,15,5
5,16,0
5,17,0
5,18,0
5,19,0
5,20,0
5,21,4
5,22,0
5,23,2
5,24,0
5,25,5
5,26,0
5,27,0
5,28,0
5,29,4
5,30,0
5,31,0
5,32,2
5,33,0
5,34,0
5,35,5
5,36,0
5,37,4
5,38,0
5,39,0
5,40,0
5,41,2
5,42,0
5,43,0
5,44,0
5,45,4
5,46,0
5,47,0
5,48,0
5,49,0
5,50,2
5,51,0
5,52,0
5,53,0
5,54,0
5,55,0
5,56,0
5,57,0
5,58,0
5,59,2
5,60,0
5,61,0
5,62,0
5,63,0
5,64,0
5,65,0
5,66,0
5,67,0
5,68,2
5,69,0
5,70,0
5,71,0
5,72,0
5,73,0
5,74,0
5,75,0
5,76,0
5,77,2
5,78,0
5,79,0
5,80,0
6,0,3
6,1,3
6,2,3
6,3,3
6,4,3
6,5,3
6,6,0
6,7,3
6,8,3
6,9,0
6,10,0
6,11,0
6,12,0
6,13,0
6,14,4
6,15,2
6,16,5
6,17,0
6,18,0
6,19,0
6,20,0
6,21,0
6,22,4
6,23,0
6,24,2
6,25,0
6,26,5
6,27,0
6,28,0
6,29,0
6,30,4
6,31,0
6,32,0
6,33,2
6,34,0
6,35,0
6,36,0
6,37,0
6,38,4
6,39,0
6,40,0
6,41,0
6,42,2
6,43,0
6,44,0
6,45,0
6,46,4
6,47,0
6,48,0
6,49,0
6,50,0
6,51,2
6,52,0
6,53,0
6,54,4
6,55,0
6,56,0
6,57,0
6,58,0
6,59,0
6,60,2
6,61,0
6,62,0
6,63,0
6,64,0
6,65,0
6,66,0
6,67,0
6,68,0
6,69,2
6,70,0
6,71,0
6,72,0
6,73,0
6,74,0
6,75,0
6,76,0
6,77,0
6,78,2
6,79,0
6,80,0
7,0,3
7,1,3
7,2,3
7,3,3
7,4,3
7,5,3
7,6,3
7,7,0
7,8,3
7,9,0
7,10,0
7,11,0
7,12,0
7,13,0
7,14,0
7,15,4
7,16,2
7,17,5
7,18,0
7,19,0
7,20,0
7,21,0
7,22,0
7,23,4
7,24,0
7,25,2
7,26,0
7,27,0
7,28,0
7,29,0
7,30,0
7,31,4
7,32,0
7,33,0
7,34,2
7,35,0
7,36,0
7,37,0
7,38,0
7,39,4
7,40,0
7,41,0
7,42,0
7,43,2
7,44,0
7,45,0
7,46,0
7,47,4
7,48,0
7,49,0
7,50,0
7,51,0
7,52,2
7,53,0
7,54,0
7,55,4
7,56,0
7,57,0
7,58,0
7,59,0
7,60,0
7,61,2
7,62,0
7,63,4
7,64,0
7,65,0
7,66,0
7,67,0
7,68,0
7,69,0
7,70,2
7,71,0
7,72,0
7,73,0
7,74,0
7,75,0
7,76,0
7,77,0
7,78,0
7,79,2
7,80,0
8,0,3
8,1,3
8,2,3
8,3,3
8,4,3
8,5,3
8,6,3
8,7,3
8,8,0
8,9,0
8,10,0
8,11,0
8,12,0
8,13,0
8,14,0
8,15,0
8,16,4
8,17,2
8,18,0
8,19,0
8,20,0
8,21,0
8,22,0
8,23,0
8,24,4
8,25,0
8,26,2
8,27,0
8,28,0
8,29,0
8,30,0
8,31,0
8,32,4
8,33,0
8,34,0
8,35,2
8,36,0
8,37,0
8,38,0
8,39,0
8,40,4
8,41,0
8,42,0
8,43,0
8,44,2
8,45,0
8,46,0
8,47,0
8,48,4
8,49,0
8,50,0
8,51,0
8,52,0
8,53,2
8,54,0
8,55,0
8,56,4
8,57,0
8,58,0
8,59,0
8,60,0
8,61,0
8,62,2
8,63,0
8,64,4
8,65,0
8,66,0
8,67,0
8,68,0
8,69,0
8,70,0
8,71,2
8,72,4
8,73,0
8,74,0
8,75,0
8,76,0
8,77,0
8,78,0
8,79,0
8,80,2
9,0,2
9,1,4
9,2,0
9,3,0
9,4,0
9,5,0
9,6,0
9,7,0
9,8,0
9,9,0
9,10,3
9,11,3
9,12,3
9,13,3
9,14,3
9,15,3
9,16,3
9,17,3
9,18,2
9,19,5
9,20,0
9,21,0
9,22,0
9,23,0
9,24,0
9,25,0
9,26,0
9,27,2
9,28,0
9,29,5
9,30,0
9,31,0
9,32,0
9,33,0
9,34,0
9,35,0
9,36,2
9,37,0
9,38,0
9,39,5
9,40,0
9,41,0
9,42,0
9,43,0
9,44,0
9,45,2
9,46,0
9,47,0
9,48,0
9,49,5
9,50,0
9,51,0
9,52,0
9,53,0
9,54,2
9,55,0
9,56,0
9,57,0
9,58,0
9,59,5
9,60,0
9,61,0
9,62,0
9,63,2
9,64,0
9,65,0
9,66,0
9,67,0
9,68,0
9,69,5
9,70,0
9,71,0
9,72,2
9,73,0
9,74,0
9,75,0
9,76,0
9,77,0
9,78,0
9,79,5
9,80,0
10,0,5
10,1,2
10,2,4
10,3,0
10,4,0
10,5,0
10,6,0
10,7,0
10,8,0
10,9,3
10,10,0
10,11,3
10,12,3
10,13,3
10,14,3
10,15,3
10,16,3
10,17,3
10,18,4
10,19,2
10,20,5
10,21,0
10,22,0
10,23,0
10,24,0
10,25,0
10,26,0
10,27,0
10,28,2
10,29,0
10,30,5
10,31,0
10,32,0
10,33,0
10,34,0
10,35,0
10,36,0
10,37,2
10,38,0
10,39,0
10,40,5
10,41,0
10,42,0
10,43,0
10,44,0
10,45,0
10,46,2
10,47,0
10,48,0
10,49,0
10,50,5
10,51,0
10,52,0
10,53,0
10,54,0
10,55,2
10,56,0
10,57,0
10,58,0
10,59,0
10,60,5
10,61,0
10,62,0
10,63,0
10,64,2
10,65,0
10,66,0
10,67,0
10,68,0
10,69,0
10,70,5
10,71,0
10,72,0
10,73,2
10,74,0
10,75,0
10,76,0
10,77,0
10,78,0
10,79,0
10,80,5
11,0,0
11,1,5
11,2,2
11,3,4
11,4,0
11,5,0
11,6,0
11,7,0
11,8,0
11,9,3
11,10,3
11,11,0
11,12,3
11,13,3
11,14,3
11,15,3
11,16,3
11,17,3
11,18,0
11,19,4
11,20,2
11,21,5
11,22,0
11,23,0
11,24,0
11,25,0
11,26,0
11,27,4
11,28,0
11,29,2
11,30,0
11,31,5
11,32,0
11,33,0
11,34,0
11,35,0
11,36,0
11,37,0
11,38,2
11,39,0
11,40,0
11,41,5
11,42,0
11,43,0
11,44,0
11,45,0
11,46,0
11,47,2
11,48,0
11,49,0
11,50,0
11,51,5
11,52,0
11,53,0
11,54,0
11,55,0
11,56,2
11,57,0
11,58,0
11,59,0
11,60,0
11,61,5
11,62,0
11,63,0
11,64,0
11,65,2
11,66,0
11,67,0
11,68,0
11,69,0
11,70,0
11,71,5
11,72,0
11,73,0
11,74,2
11,75,0
11,76,0
11,77,0
11,78,0
11,79,0
11,80,0
12,0,0
12,1,0
12,2,5
12,3,2
12,4,4
12,5,0
12,6,0
12,7,0
12,8,0
12,9,3
12,10,3
12,11,3
12,12,0
12,13,3
12,14,3
12,15,3
12,16,3
12,17,3
12,18,0
12,19,0
12,20,4
12,21,2
12,22,5
12,23,0
12,24,0
12,25,0
12,26,0
12,27,0
12,28,4
12,29,0
12,30,2
12,31,0
12,32,5
12,33,0
12,34,0
12,35,0
12,36,4
12,37,0
12,38,0
12,39,2
12,40,0
12,41,0
12,42,5
12,43,0
12,44,0
12,45,0
12,46,0
12,47,0
12,48,2
12,49,0
12,50,0
12,51,0
12,52,5
12,53,0
12,54,0
12,55,0
12,56,0
12,57,2
12,58,0
12,59,0
12,60,0
12,61,0
12,62,5
12,63,0
12,64,0
12,65,0
12,66,2
12,67,0
12,68,0
12,69,0
12,70,0
12,71,0
12,72,0
12,73,0
12,74,0
12,75,2
12,76,0
12,77,0
12,78,0
12,79,0
12,80,0
13,0,0
13,1,0
13,2,0
13,3,5
13,4,2
13,5,4
13,6,0
13,7,0
13,8,0
13,9,3
13,10,3
13,11,3
13,12,3
13,13,0
13,14,3
13,15,3
13,16,3
13,17,3
13,18,0
13,19,0
13,20,0
13,21,4
13,22,2
13,23,5
13,24,0
13,25,0
13,26,0
13,27,0
13,28,0
13,29,4
13,30,0
13,31,2
13,32,0
13,33,5
13,34,0
13,35,0
13,36,0
13,37,4
13,38,0
13,39,0
13,40,2
13,41,0
13,42,0
13,43,5
13,44,0
13,45,4
13,46,0
13,47,0
13,48,0
13,49,2
13,50,0
13,51,0
13,52,0
13,53,5
13,54,0
13,55,0
13,56,0
13,57,0
13,58,2
13,59,0
13,60,0
13,61,0
13,62,0
13,63,0
13,64,0
13,65,0
13,66,0
13,67,2
13,68,0
13,69,0
13,70,0
13,71,0
13,72,0
13,73,0
13,74,0
13,75,0
13,76,2
13,77,0
13,78,0
13,79,0
13,80,0
14,0,0
14,1,0
14,2,0
14,3,0
14,4,5
14,5,2
14,6,4
14,7,0
14,8,0
14,9,3
14,10,3
14,11,3
14,12,3
14,13,3
14,14,0
14,15,3
14,16,3
14,17,3
14,18,0
14,19,0
14,20,0
14,21,0
14,22,4
14,23,2
14,24,5
14,25,0
14,26,0
14,27,0
14,28,0
14,29,0
14,30,4
14,31,0
14,32,2
14,33,0
14,34,5
14,35,0
14,36,0
14,37,0
14,38,4
14,39,0
14,40,0
14,41,2
14,42,0
14,43,0
14,44,5
14,45,0
14,46,4
14,47,0
14,48,0
14,49,0
14,50,2
14,51,0
14,52,0
14,53,0
14,54,4
14,55,0
14,56,0
14,57,0
14,58,0
14,59,2
14,60,0
14,61,0
14,62,0
14,63,0
14,64,0
14,65,0
14,66,0
14,67,0
14,68,2
14,69,0
14,70,0
14,71,0
14,72,0
14,73,0
14,74,0
14,75,0
14,76,0
14,77,2
14,78,0
14,79,0
14,80,0
15,0,0
15,1,0
15,2,0
15,3,0
15,4,0
15,5,5
15,6,2
15,7,4
15,8,0
15,9,3
15,10,3
15,11,3
15,12,3
15,13,3
15,14,3
15,15,0
15,16,3
15,17,3
15,18,0
15,19,0
15,20,0
15,21,0
15,22,0
15,23,4
15,24,2
15,25,5
15,26,0
15,27,0
15,28,0
15,29,0
15,30,0
15,31,4
15,32,0
15,33,2
15,34,0
15,35,5
15,36,0
15,37,0
15,38,0
15,39,4
15,40,0
15,41,0
15,42,2
15,43,0
15,44,0
15,45,0
15,46,0
15,47,4
15,48,0
15,49,0
15,50,0
15,51,2
15,52,0
15,53,0
15,54,0
15,55,4
15,56,0
15,57,0
15,58,0
15,59,0
15,60,2
15,61,0
15,62,0
15,63,4
15,64,0
15,65,0
15,66,0
15,67,0
15,68,0
15,69,2
15,70,0
15,71,0
15,72,0
15,73,0
15,74,0
15,75,0
15,76,0
15,77,0
15,78,2
15,79,0
15,80,0
16,0,0
16,1,0
16,2,0
16,3,0
16,4,0
16,5,0
16,6,5
16,7,2
16,8,4
16,9,3
16,10,3
16,11,3
16,12,3
16,13,3
16,14,3
16,15,3
16,16,0
16,17,3
16,18,0
16,19,0
16,20,0
16,21,0
16,22,0
16,23,0
16,24,4
16,25,2
16,26,5
16,27,0
16,28,0
16,29,0
16,30,0
16,31,0
16,32,4
16,33,0
16,34,2
16,35,0
16,36,0
16,37,0
16,38,0
16,39,0
16,40,4
16,41,0
16,42,0
16,43,2
16,44,0
16,45,0
16,46,0
16,47,0
16,48,4
16,49,0
16,50,0
16,51,0
16,52,2
16,53,0
16,54,0
16,55,0
16,56,4
16,57,0
16,58,0
16,59,0
16,60,0
16,61,2
16,62,0
16,63,0
16,64,4
16,65,0
16,66,0
16,67,0
16,68,0
16,69,0
16,70,2
16,71,0
16,72,4
16,73,0
16,74,0
16,75,0
16,76,0
16,77,0
16,78,0
16,79,2
16,80,0
17,0,0
17,1,0
17,2,0
17,3,0
17,4,0
17,5,0
17,6,0
17,7,5
17,8,2
17,9,3
17,10,3
17,11,3
17,12,3
17,13,3
17,14,3
17,15,3
17,16,3
17,17,0
17,18,0
17,19,0
17,20,0
17,21,0
17,22,0
17,23,0
17,24,0
17,25,4
17,26,2
17,27,0
17,28,0
17,29,0
17,30,0
17,31,0
17,32,0
17,33,4
17,34,0
17,35,2
17,36,0
17,37,0
17,38,0
17,39,0
17,40,0
17,41,4
17,42,0
17,43,0
17,44,2
17,45,0
17,46,0
17,47,0
17,48,0
17,49,4
17,50,0
17,51,0
17,52,0
17,53,2
17,54,0
17,55,0
17,56,0
17,57,4
17,58,0
17,59,0
17,60,0
17,61,0
17,62,2
17,63,0
17,64,0
17,65,4
17,66,0
17,67,0
17,68,0
17,69,0
17,70,0
17,71,2
17,72,0
17,73,4
17,74,0
17,75,0
17,76,0
17,77,0
17,78,0
17,79,0
17,80,2
18,0,2
18,1,0
18,2,4
18,3,0
18,4,0
18,5,0
18,6,0
18,7,0
18,8,0
18,9,2
18,10,4
18,11,0
18,12,0
18,13,0
18,14,0
18,15,0
18,16,0
18,17,0
18,18,0
18,19,3
18,20,3
18,21,3
18,22,3
18,23,3
18,24,3
18,25,3
18,26,3
18,27,2
18,28,5
18,29,0
18,30,0
18,31,0
18,32,0
18,33,0
18,34,0
18,35,0
18,36,2
18,37,0
18,38,5
18,39,0
18,40,0
18,41,0
18,42,0
18,43,0
18,44,0
18,45,2
18,46,0
18,47,0
18,48,5
18,49,0
18,50,0
18,51,0
18,52,0
18,53,0
18,54,2
18,55,0
18,56,0
18,57,0
18,58,5
18,59,0
18,60,0
18,61,0
18,62,0
18,63,2
18,64,0
18,65,0
18,66,0
18,67,0
18,68,5
18,69,0
18,70,0
18,71,0
18,72,2
18,73,0
18,74,0
18,75,0
18,76,0
18,77,0
18,78,5
18,79,0
18,80,0
19,0,0
19,1,2
19,2,0
19,3,4
19,4,0
19,5,0
19,6,0
19,7,0
19,8,0
19,9,5
19,10,2
19,11,4
19,12,0
19,13,0
19,14,0
19,15,0
19,16,0
19,17,0
19,18,3
19,19,0
19,20,3
19,21,3
19,22,3
19,23,3
19,24,3
19,25,3
19,26,3
19,27,4
19,28,2
19,29,5
19,30,0
19,31,0
19,32,0
19,33,0
19,34,0
19,35,0
19,36,0
19,37,2
19,38,0
19,39,5
19,40,0
19,41,0
19,42,0
19,43,0
19,44,0
19,45,0
19,46,2
19,47,0
19,48,0
19,49,5
19,50,0
19,51,0
19,52,0
19,53,0
19,54,0
19,55,2
19,56,0
19,57,0
19,58,0
19,59,5
19,60,0
19,61,0
19,62,0
19,63,0
19,64,2
19,65,0
19,66,0
19,67,0
19,68,0
19,69,5
19,70,0
19,71,0
19,72,0
19,73,2
19,74,0
19,75,0
19,76,0
19,77,0
19,78,0
19,79,5
19,80,0
20,0,5
20,1,0
20,2,2
20,3,0
20,4,4
20,5,0
20,6,0
20,7,0
20,8,0
20,9,0
20,10,5
20,11,2
20,12,4
20,13,0
20,14,0
20,15,0
20,16,0
20,17,0
20,18,3
20,19,3
20,20,0
20,21,3
20,22,3
20,23,3
20,24,3
20,25,3
20,26,3
20,27,0
20,28,4
20,29,2
20,30,5
20,31,0
20,32,0
20,33,0
20,34,0
20,35,0
20,36,4
20,37,0
20,38,2
20,39,0
20,40,5
20,41,0
20,42,0
20,43,0
20,44,0
20,45,0
20,46,0
20,47,2
20,48,0
20,49,0
20,50,5
20,51,0
20,52,0
20,53,0
20,54,0
20,55,0
20,56,2
20,57,0
20,58,0
20,59,0
20,60,5
20,61,0
20,62,0
20,63,0
20,64,0
20,65,2
20,66,0
20,67,0
20,68,0
20,69,0
20,70,5
20,71,0
20,72,0
20,73,0
20,74,2
20,75,0
20,76,0
20,77,0
20,78,0
20,79,0
20,80,5
21,0,0
21,1,5
21,2,0
21,3,2
21,4,0
21,5,4
21,6,0
21,7,0
21,8,0
21,9,0
21,10,0
21,11,5
21,12,2
21,13,4
21,14,0
21,15,0
21,16,0
21,17,0
21,18,3
21,19,3
21,20,3
21,21,0
21,22,3
21,23,3
21,24,3
21,25,3
21,26,3
21,27,0
21,28,0
21,29,4
21,30,2
21,31,5
21,32,0
21,33,0
21,34,0
21,35,0
21,36,0
21,37,4
21,38,0
21,39,2
21,40,0
21,41,5
21,42,0
21,43,0
21,44,0
21,45,4
21,46,0
21,47,0
21,48,2
21,49,0
21,50,0
21,51,5
21,52,0
21,53,0
21,54,0
21,55,0
21,56,0
21,57,2
21,58,0
21,59,0
21,60,0
21,61,5
21,62,0
21,63,0
21,64,0
21,65,0
21,66,2
21,67,0
21,68,0
21,69,0
21,70,0
21,71,5
21,72,0
21,73,0
21,74,0
21,75,2
21,76,0
21,77,0
21,78,0
21,79,0
21,80,0
22,0,0
22,1,0
22,2,5
22,3,0
22,4,2
22,5,0
22,6,4
22,7,0
22,8,0
22,9,0
22,10,0
22,11,0
22,12,5
22,13,2
22,14,4
22,15,0
22,16,0
22,17,0
22,18,3
22,19,3
22,20,3
22,21,3
22,22,0
22,23,3
22,24,3
22,25,3
22,26,3
22,27,0
22,28,0
22,29,0
22,30,4
22,31,2
22,32,5
22,33,0
22,34,0
22,35,0
22,36,0
22,37,0
22,38,4
22,39,0
22,40,2
22,41,0
22,42,5
22,43,0
22,44,0
22,45,0
22,46,4
22,47,0
22,48,0
22,49,2
22,50,0
22,51,0
22,52,5
22,53,0
22,54,4
22,55,0
22,56,0
22,57,0
22,58,2
22,59,0
22,60,0
22,61,0
22,62,5
22,63,0
22,64,0
22,65,0
22,66,0
22,67,2
22,68,0
22,69,0
22,70,0
22,71,0
22,72,0
22,73,0
22,74,0
22,75,0
22,76,2
22,77,0
22,78,0
22,79,0
22,80,0
23,0,0
23,1,0
23,2,0
23,3,5
23,4,0
23,5,2
23,6,0
23,7,4
23,8,0
23,9,0
23,10,0
23,11,0
23,12,0
23,13,5
23,14,2
23,15,4
23,16,0
23,17,0
23,18,3
23,19,3
23,20,3
23,21,3
23,22,3
23,23,0
23,24,3
23,25,3
23,26,3
23,27,0
23,28,0
23,29,0
23,30,0
23,31,4
23,32,2
23,33,5
23,34,0
23,35,0
23,36,0
23,37,0
23,38,0
23,39,4
23,40,0
23,41,2
23,42,0
23,43,5
23,44,0
23,45,0
23,46,0
23,47,4
23,48,0
23,49,0
23,50,2
23,51,0
23,52,0
23,53,5
23,54,0
23,55,4
23,56,0
23,57,0
23,58,0
23,59,2
23,60,0
23,61,0
23,62,0
23,63,4
23,64,0
23,65,0
23,66,0
23,67,0
23,68,2
23,69,0
23,70,0
23,71,0
23,72,0
23,73,0
23,74,0
23,75,0
23,76,0
23,77,2
23,78,0
23,79,0
23,80,0
24,0,0
24,1,0
24,2,0
24,3,0
24,4,5
24,5,0
24,6,2
24,7,0
24,8,4
24,9,0
24,10,0
24,11,0
24,12,0
24,13,0
24,14,5
24,15,2
24,16,4
24,17,0
24,18,3
24,19,3
24,20,3
24,21,3
24,22,3
24,23,3
24,24,0
24,25,3
24,26,3
24,27,0
24,28,0
24,29,0
24,30,0
24,31,0
24,32,4
24,33,2
24,34,5
24,35,0
24,36,0
24,37,0
24,38,0
24,39,0
24,40,4
24,41,0
24,42,2
24,43,0
24,44,5
24,45,0
24,46,0
24,47,0
24,48,4
24,49,0
24,50,0
24,51,2
24,52,0
24,53,0
24,54,0
24,55,0
24,56,4
24,57,0
24,58,0
24,59,0
24,60,2
24,61,0
24,62,0
24,63,0
24,64,4
24,65,0
24,66,0
24,67,0
24,68,0
24,69,2
24,70,0
24,71,0
24,72,4
24,73,0
24,74,0
24,75,0
24,76,0
24,77,0
24,78,2
24,79,0
24,80,0
25,0,0
25,1,0
25,2,0
25,3,0
25,4,0
25,5,5
25,6,0
25,7,2
25,8,0
25,9,0
25,10,0
25,11,0
25,12,0
25,13,0
25,14,0
25,15,5
25,16,2
25,17,4
25,18,3
25,19,3
25,20,3
25,21,3
25,22,3
25,23,3
25,24,3
25,25,0
25,26,3
25,27,0
25,28,0
25,29,0
25,30,0
25,31,0
25,32,0
25,33,4
25,34,2
25,35,5
25,36,0
25,37,0
25,38,0
25,39,0
25,40,0
25,41,4
25,42,0
25,43,2
25,44,0
25,45,0
25,46,0
25,47,0
25,48,0
25,49,4
25,50,0
25,51,0
25,52,2
25,53,0
25,54,0
25,55,0
25,56,0
25,57,4
25,58,0
25,59,0
25,60,0
25,61,2
25,62,0
25,63,0
25,64,0
25,65,4
25,66,0
25,67,0
25,68,0
25,69,0
25,70,2
25,71,0
25,72,0
25,73,4
25,74,0
25,75,0
25,76,0
25,77,0
25,78,0
25,79,2
25,80,0
26,0,0
26,1,0
26,2,0
26,3,0
26,4,0
26,5,0
26,6,5
26,7,0
26,8,2
26,9,0
26,10,0
26,11,0
26,12,0
26,13,0
26,14,0
26,15,0
26,16,5
26,17,2
26,18,3
26,19,3
26,20,3
26,21,3
26,22,3
26,23,3
26,24,3
26,25,3
26,26,0
26,27,0
26,28,0
26,29,0
26,30,0
26,31,0
26,32,0
26,33,0
26,34,4
26,35,2
26,36,0
26,37,0
26,38,0
26,39,0
26,40,0
26,41,0
26,42,4
26,43,0
26,44,2
26,45,0
26,46,0
26,47,0
26,48,0
26,49,0
26,50,4
26,51,0
26,52,0
26,53,2
26,54,0
26,55,0
26,56,0
26,57,0
26,58,4
26,59,0
26,60,0
26,61,0
26,62,2
26,63,0
26,64,0
26,65,0
26,66,4
26,67,0
26,68,0
26,69,0
26,70,0
26,71,2
26,72,0
26,73,0
26,74,4
26,75,0
26,76,0
26,77,0
26,78,0
26,79,0
26,80,2
27,0,2
27,1,0
27,2,0
27,3,4
27,4,0
27,5,0
27,6,0
27,7,0
27,8,0
27,9,2
27,10,0
27,11,4
27,12,0
27,13,0
27,14,0
27,15,0
27,16,0
27,17,0
27,18,2
27,19,4
27,20,0
27,21,0
27,22,0
27,23,0
27,24,0
27,25,0
27,26,0
27,27,0
27,28,3
27,29,3
27,30,3
27,31,3
27,32,3
27,33,3
27,34,3
27,35,3
27,36,2
27,37,5
27,38,0
27,39,0
27,40,0
27,41,0
27,42,0
27,43,0
27,44,0
27,45,2
27,46,0
27,47,5
27,48,0
27,49,0
27,50,0
27,51,0
27,52,0
27,53,0
27,54,2
27,55,0
27,56,0
27,57,5
27,58,0
27,59,0
27,60,0
27,61,0
27,62,0
27,63,2
27,64,0
27,65,0
27,66,0
27,67,5
27,68,0
27,69,0
27,70,0
27,71,0
27,72,2
27,73,0
27,74,0
27,75,0
27,76,0
27,77,5
27,78,0
27,79,0
27,80,0
28,0,0
28,1,2
28,2,0
28,3,0
28,4,4
28,5,0
28,6,0
28,7,0
28,8,0
28,9,0
28,10,2
28,11,0
28,12,4
28,13,0
28,14,0
28,15,0
28,16,0
28,17,0
28,18,5
28,19,2
28,20,4
28,21,0
28,22,0
28,23,0
28,24,0
28,25,0
28,26,0
28,27,3
28,28,0
28,29,3
28,30,3
28,31,3
28,32,3
28,33,3
28,34,3
28,35,3
28,36,4
28,37,2
28,38,5
28,39,0
28,40,0
28,41,0
28,42,0
28,43,0
28,44,0
28,45,0
28,46,2
28,47,0
28,48,5
28,49,0
28,50,0
28,51,0
28,52,0
28,53,0
28,54,0
28,55,2
28,56,0
28,57,0
28,58,5
28,59,0
28,60,0
28,61,0
28,62,0
28,63,0
28,64,2
28,65,0
28,66,0
28,67,0
28,68,5
28,69,0
28,70,0
28,71,0
28,72,0
28,73,2
28,74,0
28,75,0
28,76,0
28,77,0
28,78,5
28,79,0
28,80,0
29,0,0
29,1,0
29,2,2
29,3,0
29,4,0
29,5,4
29,6,0
29,7,0
29,8,0
29,9,5
29,10,0
29,11,2
29,12,0
29,13,4
29,14,0
29,15,0
29,16,0
29,17,0
29,18,0
29,19,5
29,20,2
29,21,4
29,22,0
29,23,0
29,24,0
29,25,0
29,26,0
29,27,3
29,28,3
29,29,0
29,30,3
29,31,3
29,32,3
29,33,3
29,34,3
29,35,3
29,36,0
29,37,4
29,38,2
29,39,5
29,40,0
29,41,0
29,42,0
29,43,0
29,44,0
29,45,4
29,46,0
29,47,2
29,48,0
29,49,5
29,50,0
29,51,0
29,52,0
29,53,0
29,54,0
29,55,0
29,56,2
29,57,0
29,58,0
29,59,5
29,60,0
29,61,0
29,62,0
29,63,0
29,64,0
29,65,2
29,66,0
29,67,0
29,68,0
29,69,5
29,70,0
29,71,0
29,72,0
29,73,0
29,74,2
29,75,0
29,76,0
29,77,0
29,78,0
29,79,5
29,80,0
30,0,5
30,1,0
30,2,0
30,3,2
30,4,0
30,5,0
30,6,4
30,7,0
30,8,0
30,9,0
30,10,5
30,11,0
30,12,2
30,13,0
30,14,4
30,15,0
30,16,0
30,17,0
30,18,0
30,19,0
30,20,5
30,21,2
30,22,4
30,23,0
30,24,0
30,25,0
30,26,0
30,27,3
30,28,3
30,29,3
30,30,0
30,31,3
30,32,3
30,33,3
30,34,3
30,35,3
30,36,0
30,37,0
30,38,4
30,39,2
30,40,5
30,41,0
30,42,0
30,43,0
30,44,0
30,45,0
30,46,4
30,47,0
30,48,2
30,49,0
30,50,5
30,51,0
30,52,0
30,53,0
30,54,4
30,55,0
30,56,0
30,57,2
30,58,0
30,59,0
30,60,5
30,61,0
30,62,0
30,63,0
30,64,0
30,65,0
30,66,2
30,67,0
30,68,0
30,69,0
30,70,5
30,71,0
30,72,0
30,73,0
30,74,0
30,75,2
30,76,0
30,77,0
30,78,0
30,79,0
30,80,5
31,0,0
31,1,5
31,2,0
31,3,0
31,4,2
31,5,0
31,6,0
31,7,4
31,8,0
31,9,0
31,10,0
31,11,5
31,12,0
31,13,2
31,14,0
31,15,4
31,16,0
31,17,0
31,18,0
31,19,0
31,20,0
31,21,5
31,22,2
31,23,4
31,24,0
31,25,0
31,26,0
31,27,3
31,28,3
31,29,3
31,30,3
31,31,0
31,32,3
31,33,3
31,34,3
31,35,3
31,36,0
31,37,0
31,38,0
31,39,4
31,40,2
31,41,5
31,42,0
31,43,0
31,44,0
31,45,0
31,46,0
31,47,4
31,48,0
31,49,2
31,50,0
31,51,5
31,52,0
31,53,0
31,54,0
31,55,4
31,56,0
31,57,0
31,58,2
31,59,0
31,60,0
31,61,5
31,62,0
31,63,4
31,64,0
31,65,0
31,66,0
31,67,2
31,68,0
31,69,0
31,70,0
31,71,5
31,72,0
31,73,0
31,74,0
31,75,0
31,76,2
31,77,0
31,78,0
31,79,0
31,80,0
32,0,0
32,1,0
32,2,5
32,3,0
32,4,0
32,5,2
32,6,0
32,7,0
32,8,4
32,9,0
32,10,0
32,11,0
32,12,5
32,13,0
32,14,2
32,15,0
32,16,4
32,17,0
32,18,0
32,19,0
32,20,0
32,21,0
32,22,5
32,23,2
32,24,4
32,25,0
32,26,0
32,27,3
32,28,3
32,29,3
32,30,3
32,31,3
32,32,0
32,33,3
32,34,3
32,35,3
32,36,0
32,37,0
32,38,0
32,39,0
32,40,4
32,41,2
32,42,5
32,43,0
32,44,0
32,45,0
32,46,0
32,47,0
32,48,4
32,49,0
32,50,2
32,51,0
32,52,5
32,53,0
32,54,0
32,55,0
32,56,4
32,57,0
32,58,0
32,59,2
32,60,0
32,61,0
32,62,5
32,63,0
32,64,4
32,65,0
32,66,0
32,67,0
32,68,2
32,69,0
32,70,0
32,71,0
32,72,4
32,73,0
32,74,0
32,75,0
32,76,0
32,77,2
32,78,0
32,79,0
32,80,0
33,0,0
33,1,0
33,2,0
33,3,5
33,4,0
33,5,0
33,6,2
33,7,0
33,8,0
33,9,0
33,10,0
33,11,0
33,12,0
33,13,5
33,14,0
33,15,2
33,16,0
33,17,4
33,18,0
33,19,0
33,20,0
33,21,0
33,22,0
33,23,5
33,24,2
33,25,4
33,26,0
33,27,3
33,28,3
33,29,3
33,30,3
33,31,3
33,32,3
33,33,0
33,34,3
33,35,3
33,36,0
33,37,0
33,38,0
33,39,0
33,40,0
33,41,4
33,42,2
33,43,5
33,44,0
33,45,0
33,46,0
33,47,0
33,48,0
33,49,4
33,50,0
33,51,2
33,52,0
33,53,5
33,54,0
33,55,0
33,56,0
33,57,4
33,58,0
33,59,0
33,60,2
33,61,0
33,62,0
33,63,0
33,64,0
33,65,4
33,66,0
33,67,0
33,68,0
33,69,2
33,70,0
33,71,0
33,72,0
33,73,4
33,74,0
33,75,0
33,76,0
33,77,0
33,78,2
33,79,0
33,80,0
34,0,0
34,1,0
34,2,0
34,3,0
34,4,5
34,5,0
34,6,0
34,7,2
34,8,0
34,9,0
34,10,0
34,11,0
34,12,0
34,13,0
34,14,5
34,15,0
34,16,2
34,17,0
34,18,0
34,19,0
34,20,0
34,21,0
34,22,0
34,23,0
34,24,5
34,25,2
34,26,4
34,27,3
34,28,3
34,29,3
34,30,3
34,31,3
34,32,3
34,33,3
34,34,0
34,35,3
34,36,0
34,37,0
34,38,0
34,39,0
34,40,0
34,41,0
34,42,4
34,43,2
34,44,5
34,45,0
34,46,0
34,47,0
34,48,0
34,49,0
34,50,4
34,51,0
34,52,2
34,53,0
34,54,0
34,55,0
34,56,0
34,57,0
34,58,4
34,59,0
34,60,0
34,61,2
34,62,0
34,63,0
34,64,0
34,65,0
34,66,4
34,67,0
34,68,0
34,69,0
34,70,2
34,71,0
34,72,0
34,73,0
34,74,4
34,75,0
34,76,0
34,77,0
34,78,0
34,79,2
34,80,0
35,0,0
35,1,0
35,2,0
35,3,0
35,4,0
35,5,5
35,6,0
35,7,0
35,8,2
35,9,0
35,10,0
35,11,0
35,12,0
35,13,0
35,14,0
35,15,5
35,16,0
35,17,2
35,18,0
35,19,0
35,20,0
35,21,0
35,22,0
35,23,0
35,24,0
35,25,5
35,26,2
35,27,3
35,28,3
35,29,3
35,30,3
35,31,3
35,32,3
35,33,3
35,34,3
35,35,0
35,36,0
35,37,0
35,38,0
35,39,0
35,40,0
35,41,0
35,42,0
35,43,4
35,44,2
35,45,0
35,46,0
35,47,0
35,48,0
35,49,0
35,50,0
35,51,4
35,52,0
35,53,2
35,54,0
35,55,0
35,56,0
35,57,0
35,58,0
35,59,4
35,60,0
35,61,0
35,62,2
35,63,0
35,64,0
35,65,0
35,66,0
35,67,4
35,68,0
35,69,0
35,70,0
35,71,2
35,72,0
35,73,0
35,74,0
35,75,4
35,76,0
35,77,0
35,78,0
35,79,0
35,80,2
36,0,2
36,1,0
36,2,0
36,3,0
36,4,4
36,5,0
36,6,0
36,7,0
36,8,0
36,9,2
36,10,0
36,11,0
36,12,4
36,13,0
36,14,0
36,15,0
36,16,0
36,17,0
36,18,2
36,19,0
36,20,4
36,21,0
36,22,0
36,23,0
36,24,0
36,25,0
36,26,0
36,27,2
36,28,4
36,29,0
36,30,0
36,31,0
36,32,0
36,33,0
36,34,0
36,35,0
36,36,0
36,37,3
36,38,3
36,39,3
36,40,3
36,41,3
36,42,3
36,43,3
36,44,3
36,45,2
36,46,5
36,47,0
36,48,0
36,49,0
36,50,0
36,51,0
36,52,0
36,53,0
36,54,2
36,55,0
36,56,5
36,57,0
36,58,0
36,59,0
36,60,0
36,61,0
36,62,0
36,63,2
36,64,0
36,65,0
36,66,5
36,67,0
36,68,0
36,69,0
36,70,0
36,71,0
36,72,2
36,73,0
36,74,0
36,75,0
36,76,5
36,77,0
36,78,0
36,79,0
36,80,0
37,0,0
37,1,2
37,2,0
37,3,0
37,4,0
37,5,4
37,6,0
37,7,0
37,8,0
37,9,0
37,10,2
37,11,0
37,12,0
37,13,4
37,14,0
37,15,0
37,16,0
37,17,0
37,18,0
37,19,2
37,20,0
37,21,4
37,22,0
37,23,0
37,24,0
37,25,0
37,26,0
37,27,5
37,28,2
37,29,4
37,30,0
37,31,0
37,32,0
37,33,0
37,34,0
37,35,0
37,36,3
37,37,0
37,38,3
37,39,3
37,40,3
37,41,3
37,42,3
37,43,3
37,44,3
37,45,4
37,46,2
37,47,5
37,48,0
37,49,0
37,50,0
37,51,0
37,52,0
37,53,0
37,54,0
37,55,2
37,56,0
37,57,5
37,58,0
37,59,0
37,60,0
37,61,0
37,62,0
37,63,0
37,64,2
37,65,0
37,66,0
37,67,5
37,68,0
37,69,0
37,70,0
37,71,0
37,72,0
37,73,2
37,74,0
37,75,0
37,76,0
37,77,5
37,78,0
37,79,0
37,80,0
38,0,0
38,1,0
38,2,2
38,3,0
38,4,0
38,5,0
38,6,4
38,7,0
38,8,0
38,9,0
38,10,0
38,11,2
38,12,0
38,13,0
38,14,4
38,15,0
38,16,0
38,17,0
38,18,5
38,19,0
38,20,2
38,21,0
38,22,4
38,23,0
38,24,0
38,25,0
38,26,0
38,27,0
38,28,5
38,29,2
38,30,4
38,31,0
38,32,0
38,33,0
38,34,0
38,35,0
38,36,3
38,37,3
38,38,0
38,39,3
38,40,3
38,41,3
38,42,3
38,43,3
38,44,3
38,45,0
38,46,4
38,47,2
38,48,5
38,49,0
38,50,0
38,51,0
38,52,0
38,53,0
38,54,4
38,55,0
38,56,2
38,57,0
38,58,5
38,59,0
38,60,0
38,61,0
38,62,0
38,63,0
38,64,0
38,65,2
38,66,0
38,67,0
38,68,5
38,69,0
38,70,0
38,71,0
38,72,0
38,73,0
38,74,2
38,75,0
38,76,0
38,77,0
38,78,5
38,79,0
38,80,0
39,0,0
39,1,0
39,2,0
39,3,2
39,4,0
39,5,0
39,6,0
39,7,4
39,8,0
39,9,5
39,10,0
39,11,0
39,12,2
39,13,0
39,14,0
39,15,4
39,16,0
39,17,0
39,18,0
39,19,5
39,20,0
39,21,2
39,22,0
39,23,4
39,24,0
39,25,0
39,26,0
39,27,0
39,28,0
39,29,5
39,30,2
39,31,4
39,32,0
39,33,0
39,34,0
39,35,0
39,36,3
39,37,3
39,38,3
39,39,0
39,40,3
39,41,3
39,42,3
39,43,3
39,44,3
39,45,0
39,46,0
39,47,4
39,48,2
39,49,5
39,50,0
39,51,0
39,52,0
39,53,0
39,54,0
39,55,4
39,56,0
39,57,2
39,58,0
39,59,5
39,60,0
39,61,0
39,62,0
39,63,4
39,64,0
39,65,0
39,66,2
39,67,0
39,68,0
39,69,5
39,70,0
39,71,0
39,72,0
39,73,0
39,74,0
39,75,2
39,76,0
39,77,0
39,78,0
39,79,5
39,80,0
40,0,5
40,1,0
40,2,0
40,3,0
40,4,2
40,5,0
40,6,0
40,7,0
40,8,4
40,9,0
40,10,5
40,11,0
40,12,0
40,13,2
40,14,0
40,15,0
40,16,4
40,17,0
40,18,0
40,19,0
40,20,5
40,21,0
40,22,2
40,23,0
40,24,4
40,25,0
40,26,0
40,27,0
40,28,0
40,29,0
40,30,5
40,31,2
40,32,4
40,33,0
40,34,0
40,35,0
40,36,3
40,37,3
40,38,3
40,39,3
40,40,0
40,41,3
40,42,3
40,43,3
40,44,3
40,45,0
40,46,0
40,47,0
40,48,4
40,49,2
40,50,5
40,51,0
40,52,0
40,53,0
40,54,0
40,55,0
40,56,4
40,57,0
40,58,2
40,59,0
40,60,5
40,61,0
40,62,0
40,63,0
40,64,4
40,65,0
40,66,0
40,67,2
40,68,0
40,69,0
40,70,5
40,71,0
40,72,4
40,73,0
40,74,0
40,75,0
40,76,2
40,77,0
40,78,0
40,79,0
40,80,5
41,0,0
41,1,5
41,2,0
41,3,0
41,4,0
41,5,2
41,6,0
41,7,0
41,8,0
41,9,0
41,10,0
41,11,5
41,12,0
41,13,0
41,14,2
41,15,0
41,16,0
41,17,4
41,18,0
41,19,0
41,20,0
41,21,5
41,22,0
41,23,2
41,24,0
41,25,4
41,26,0
41,27,0
41,28,0
41,29,0
41,30,0
41,31,5
41,32,2
41,33,4
41,34,0
41,35,0
41,36,3
41,37,3
41,38,3
41,39,3
41,40,3
41,41,0
41,42,3
41,43,3
41,44,3
41,45,0
41,46,0
41,47,0
41,48,0
41,49,4
41,50,2
41,51,5
41,52,0
41,53,0
41,54,0
41,55,0
41,56,0
41,57,4
41,58,0
41,59,2
41,60,0
41,61,5
41,62,0
41,63,0
41,64,0
41,65,4
41,66,0
41,67,0
41,68,2
41,69,0
41,70,0
41,71,5
41,72,0
41,73,4
41,74,0
41,75,0
41,76,0
41,77,2
41,78,0
41,79,0
41,80,0
42,0,0
42,1,0
42,2,5
42,3,0
42,4,0
42,5,0
42,6,2
42,7,0
42,8,0
42,9,0
42,10,0
42,11,0
42,12,5
42,13,0
42,14,0
42,15,2
42,16,0
42,17,0
42,18,0
42,19,0
42,20,0
42,21,0
42,22,5
42,23,0
42,24,2
42,25,0
42,26,4
42,27,0
42,28,0
42,29,0
42,30,0
42,31,0
42,32,5
42,33,2
42,34,4
42,35,0
42,36,3
42,37,3
42,38,3
42,39,3
42,40,3
42,41,3
42,42,0
42,43,3
42,44,3
42,45,0
42,46,0
42,47,0
42,48,0
42,49,0
42,50,4
42,51,2
42,52,5
42,53,0
42,54,0
42,55,0
42,56,0
42,57,0
42,58,4
42,59,0
42,60,2
42,61,0
42,62,5
42,63,0
42,64,0
42,65,0
42,66,4
42,67,0
42,68,0
42,69,2
42,70,0
42,71,0
42,72,0
42,73,0
42,74,4
42,75,0
42,76,0
42,77,0
42,78,2
42,79,0
42,80,0
43,0,0
43,1,0
43,2,0
43,3,5
43,4,0
43,5,0
43,6,0
43,7,2
43,8,0
43,9,0
43,10,0
43,11,0
43,12,0
43,13,5
43,14,0
43,15,0
43,16,2
43,17,0
43,18,0
43,19,0
43,20,0
43,21,0
43,22,0
43,23,5
43,24,0
43,25,2
43,26,0
43,27,0
43,28,0
43,29,0
43,30,0
43,31,0
43,32,0
43,33,5
43,34,2
43,35,4
43,36,3
43,37,3
43,38,3
43,39,3
43,40,3
43,41,3
43,42,3
43,43,0
43,44,3
43,45,0
43,46,0
43,47,0
43,48,0
43,49,0
43,50,0
43,51,4
43,52,2
43,53,5
43,54,0
43,55,0
43,56,0
43,57,0
43,58,0
43,59,4
43,60,0
43,61,2
43,62,0
43,63,0
43,64,0
43,65,0
43,66,0
43,67,4
43,68,0
43,69,0
43,70,2
43,71,0
43,72,0
43,73,0
43,74,0
43,75,4
43,76,0
43,77,0
43,78,0
43,79,2
43,80,0
44,0,0
44,1,0
44,2,0
44,3,0
44,4,5
44,5,0
44,6,0
44,7,0
44,8,2
44,9,0
44,10,0
44,11,0
44,12,0
44,13,0
44,14,5
44,15,0
44,16,0
44,17,2
44,18,0
44,19,0
44,20,0
44,21,0
44,22,0
44,23,0
44,24,5
44,25,0
44,26,2
44,27,0
44,28,0
44,29,0
44,30,0
44,31,0
44,32,0
44,33,0
44,34,5
44,35,2
44,36,3
44,37,3
44,38,3
44,39,3
44,40,3
44,41,3
44,42,3
44,43,3
44,44,0
44,45,0
44,46,0
44,47,0
44,48,0
44,49,0
44,50,0
44,51,0
44,52,4
44,53,2
44,54,0
44,55,0
44,56,0
44,57,0
44,58,0
44,59,0
44,60,4
44,61,0
44,62,2
44,63,0
44,64,0
44,65,0
44,66,0
44,67,0
44,68,4
44,69,0
44,70,0
44,71,2
44,72,0
44,73,0
44,74,0
44,75,0
44,76,4
44,77,0
44,78,0
44,79,0
44,80,2
45,0,2
45,1,0
45,2,0
45,3,0
45,4,0
45,5,4
45,6,0
45,7,0
45,8,0
45,9,2
45,10,0
45,11,0
45,12,0
45,13,4
45,14,0
45,15,0
45,16,0
45,17,0
45,18,2
45,19,0
45,20,0
45,21,4
45,22,0
45,23,0
45,24,0
45,25,0
45,26,0
45,27,2
45,28,0
45,29,4
45,30,0
45,31,0
45,32,0
45,33,0
45,34,0
45,35,0
45,36,2
45,37,4
45,38,0
45,39,0
45,40,0
45,41,0
45,42,0
45,43,0
45,44,0
45,45,0
45,46,3
45,47,3
45,48,3
45,49,3
45,50,3
45,51,3
45,52,3
45,53,3
45,54,2
45,55,5
45,56,0
45,57,0
45,58,0
45,59,0
45,60,0
45,61,0
45,62,0
45,63,2
45,64,0
45,65,5
45,66,0
45,67,0
45,68,0
45,69,0
45,70,0
45,71,0
45,72,2
45,73,0
45,74,0
45,75,5
45,76,0
45,77,0
45,78,0
45,79,0
45,80,0
46,0,0
46,1,2
46,2,0
46,3,0
46,4,0
46,5,0
46,6,4
46,7,0
46,8,0
46,9,0
46,10,2
46,11,0
46,12,0
46,13,0
46,14,4
46,15,0
46,16,0
46,17,0
46,18,0
46,19,2
46,20,0
46,21,0
46,22,4
46,23,0
46,24,0
46,25,0
46,26,0
46,27,0
46,28,2
46,29,0
46,30,4
46,31,0
46,32,0
46,33,0
46,34,0
46,35,0
46,36,5
46,37,2
46,38,4
46,39,0
46,40,0
46,41,0
46,42,0
46,43,0
46,44,0
46,45,3
46,46,0
46,47,3
46,48,3
46,49,3
46,50,3
46,51,3
46,52,3
46,53,3
46,54,4
46,55,2
46,56,5
46,57,0
46,58,0
46,59,0
46,60,0
46,61,0
46,62,0
46,63,0
46,64,2
46,65,0
46,66,5
46,67,0
46,68,0
46,69,0
46,70,0
46,71,0
46,72,0
46,73,2
46,74,0
46,75,0
46,76,5
46,77,0
46,78,0
46,79,0
46,80,0
47,0,0
47,1,0
47,2,2
47,3,0
47,4,0
47,5,0
47,6,0
47,7,4
47,8,0
47,9,0
47,10,0
47,11,2
47,12,0
47,13,0
47,14,0
47,15,4
47,16,0
47,17,0
47,18,0
47,19,0
47,20,2
47,21,0
47,22,0
47,23,4
47,24,0
47,25,0
47,26,0
47,27,5
47,28,0
47,29,2
47,30,0
47,31,4
47,32,0
47,33,0
47,34,0
47,35,0
47,36,0
47,37,5
47,38,2
47,39,4
47,40,0
47,41,0
47,42,0
47,43,0
47,44,0
47,45,3
47,46,3
47,47,0
47,48,3
47,49,3
47,50,3
47,51,3
47,52,3
47,53,3
47,54,0
47,55,4
47,56,2
47,57,5
47,58,0
47,59,0
47,60,0
47,61,0
47,62,0
47,63,4
47,64,0
47,65,2
47,66,0
47,67,5
47,68,0
47,69,0
47,70,0
47,71,0
47,72,0
47,73,0
47,74,2
47,75,0
47,76,0
47,77,5
47,78,0
47,79,0
47,80,0
48,0,0
48,1,0
48,2,0
48,3,2
48,4,0
48,5,0
48,6,0
48,7,0
48,8,4
48,9,0
48,10,0
48,11,0
48,12,2
48,13,0
48,14,0
48,15,0
48,16,4
48,17,0
48,18,5
48,19,0
48,20,0
48,21,2
48,22,0
48,23,0
48,24,4
48,25,0
48,26,0
48,27,0
48,28,5
48,29,0
48,30,2
48,31,0
48,32,4
48,33,0
48,34,0
48,35,0
48,36,0
48,37,0
48,38,5
48,39,2
48,40,4
48,41,0
48,42,0
48,43,0
48,44,0
48,45,3
48,46,3
48,47,3
48,48,0
48,49,3
48,50,3
48,51,3
48,52,3
48,53,3
48,54,0
48,55,0
48,56,4
48,57,2
48,58,5
48,59,0
48,60,0
48,61,0
48,62,0
48,63,0
48,64,4
48,65,0
48,66,2
48,67,0
48,68,5
48,69,0
48,70,0
48,71,0
48,72,4
48,73,0
48,74,0
48,75,2
48,76,0
48,77,0
48,78,5
48,79,0
48,80,0
49,0,0
49,1,0
49,2,0
49,3,0
49,4,2
49,5,0
49,6,0
49,7,0
49,8,0
49,9,5
49,10,0
49,11,0
49,12,0
49,13,2
49,14,0
49,15,0
49,16,0
49,17,4
49,18,0
49,19,5
49,20,0
49,21,0
49,22,2
49,23,0
49,24,0
49,25,4
49,26,0
49,27,0
49,28,0
49,29,5
49,30,0
49,31,2
49,32,0
49,33,4
49,34,0
49,35,0
49,36,0
49,37,0
49,38,0
49,39,5
49,40,2
49,41,4
49,42,0
49,43,0
49,44,0
49,45,3
49,46,3
49,47,3
49,48,3
49,49,0
49,50,3
49,51,3
49,52,3
49,53,3
49,54,0
49,55,0
49,56,0
49,57,4
49,58,2
49,59,5
49,60,0
49,61,0
49,62,0
49,63,0
49,64,0
49,65,4
49,66,0
49,67,2
49,68,0
49,69,5
49,70,0
49,71,0
49,72,0
49,73,4
49,74,0
49,75,0
49,76,2
49,77,0
49,78,0
49,79,5
49,80,0
50,0,5
50,1,0
50,2,0
50,3,0
50,4,0
50,5,2
50,6,0
50,7,0
50,8,0
50,9,0
50,10,5
50,11,0
50,12,0
50,13,0
50,14,2
50,15,0
50,16,0
50,17,0
50,18,0
50,19,0
50,20,5
50,21,0
50,22,0
50,23,2
50,24,0
50,25,0
50,26,4
50,27,0
50,28,0
50,29,0
50,30,5
50,31,0
50,32,2
50,33,0
50,34,4
50,35,0
50,36,0
50,37,0
50,38,0
50,39,0
50,40,5
50,41,2
50,42,4
50,43,0
50,44,0
50,45,3
50,46,3
50,47,3
50,48,3
50,49,3
50,50,0
50,51,3
50,52,3
50,53,3
50,54,0
50,55,0
50,56,0
50,57,0
50,58,4
50,59,2
50,60,5
50,61,0
50,62,0
50,63,0
50,64,0
50,65,0
50,66,4
50,67,0
50,68,2
50,69,0
50,70,5
50,71,0
50,72,0
50,73,0
50,74,4
50,75,0
50,76,0
50,77,2
50,78,0
50,79,0
50,80,5
51,0,0
51,1,5
51,2,0
51,3,0
51,4,0
51,5,0
51,6,2
51,7,0
51,8,0
51,9,0
51,10,0
51,11,5
51,12,0
51,13,0
51,14,0
51,15,2
51,16,0
51,17,0
51,18,0
51,19,0
51,20,0
51,21,5
51,22,0
51,23,0
51,24,2
51,25,0
51,26,0
51,27,0
51,28,0
51,29,0
51,30,0
51,31,5
51,32,0
51,33,2
51,34,0
51,35,4
51,36,0
51,37,0
51,38,0
51,39,0
51,40,0
51,41,5
51,42,2
51,43,4
51,44,0
51,45,3
51,46,3
51,47,3
51,48,3
51,49,3
51,50,3
51,51,0
51,52,3
51,53,3
51,54,0
51,55,0
51,56,0
51,57,0
51,58,0
51,59,4
51,60,2
51,61,5
51,62,0
51,63,0
51,64,0
51,65,0
51,66,0
51,67,4
51,68,0
51,69,2
51,70,0
51,71,5
51,72,0
51,73,0
51,74,0
51,75,4
51,76,0
51,77,0
51,78,2
51,79,0
51,80,0
52,0,0
52,1,0
52,2,5
52,3,0
52,4,0
52,5,0
52,6,0
52,7,2
52,8,0
52,9,0
52,10,0
52,11,0
52,12,5
52,13,0
52,14,0
52,15,0
52,16,2
52,17,0
52,18,0
52,19,0
52,20,0
52,21,0
52,22,5
52,23,0
52,24,0
52,25,2
52,26,0
52,27,0
52,28,0
52,29,0
52,30,0
52,31,0
52,32,5
52,33,0
52,34,2
52,35,0
52,36,0
52,37,0
52,38,0
52,39,0
52,40,0
52,41,0
52,42,5
52,43,2
52,44,4
52,45,3
52,46,3
52,47,3
52,48,3
52,49,3
52,50,3
52,51,3
52,52,0
52,53,3
52,54,0
52,55,0
52,56,0
52,57,0
52,58,0
52,59,0
52,60,4
52,61,2
52,62,5
52,63,0
52,64,0
52,65,0
52,66,0
52,67,0
52,68,4
52,69,0
52,70,2
52,71,0
52,72,0
52,73,0
52,74,0
52,75,0
52,76,4
52,77,0
52,78,0
52,79,2
52,80,0
53,0,0
53,1,0
53,2,0
53,3,5
53,4,0
53,5,0
53,6,0
53,7,0
53,8,2
53,9,0
53,10,0
53,11,0
53,12,0
53,13,5
53,14,0
53,15,0
53,16,0
53,17,2
53,18,0
53,19,0
53,20,0
53,21,0
53,22,0
53,23,5
53,24,0
53,25,0
53,26,2
53,27,0
53,28,0
53,29,0
53,30,0
53,31,0
53,32,0
53,33,5
53,34,0
53,35,2
53,36,0
53,37,0
53,38,0
53,39,0
53,40,0
53,41,0
53,42,0
53,43,5
53,44,2
53,45,3
53,46,3
53,47,3
53,48,3
53,49,3
53,50,3
53,51,3
53,52,3
53,53,0
53,54,0
53,55,0
53,56,0
53,57,0
53,58,0
53,59,0
53,60,0
53,61,4
53,62,2
53,63,0
53,64,0
53,65,0
53,66,0
53,67,0
53,68,0
53,69,4
53,70,0
53,71,2
53,72,0
53,73,0
53,74,0
53,75,0
53,76,0
53,77,4
53,78,0
53,79,0
53,80,2
54,0,2
54,1,0
54,2,0
54,3,0
54,4,0
54,5,0
54,6,4
54,7,0
54,8,0
54,9,2
54,10,0
54,11,0
54,12,0
54,13,0
54,14,4
54,15,0
54,16,0
54,17,0
54,18,2
54,19,0
54,20,0
54,21,0
54,22,4
54,23,0
54,24,0
54,25,0
54,26,0
54,27,2
54,28,0
54,29,0
54,30,4
54,31,0
54,32,0
54,33,0
54,34,0
54,35,0
54,36,2
54,37,0
54,38,4
54,39,0
54,40,0
54,41,0
54,42,0
54,43,0
54,44,0
54,45,2
54,46,4
54,47,0
54,48,0
54,49,0
54,50,0
54,51,0
54,52,0
54,53,0
54,54,0
54,55,3
54,56,3
54,57,3
54,58,3
54,59,3
54,60,3
54,61,3
54,62,3
54,63,2
54,64,5
54,65,0
54,66,0
54,67,0
54,68,0
54,69,0
54,70,0
54,71,0
54,72,2
54,73,0
54,74,5
54,75,0
54,76,0
54,77,0
54,78,0
54,79,0
54,80,0
55,0,0
55,1,2
55,2,0
55,3,0
55,4,0
55,5,0
55,6,0
55,7,4
55,8,0
55,9,0
55,10,2
55,11,0
55,12,0
55,13,0
55,14,0
55,15,4
55,16,0
55,17,0
55,18,0
55,19,2
55,20,0
55,21,0
55,22,0
55,23,4
55,24,0
55,25,0
55,26,0
55,27,0
55,28,2
55,29,0
55,30,0
55,31,4
55,32,0
55,33,0
55,34,0
55,35,0
55,36,0
55,37,2
55,38,0
55,39,4
55,40,0
55,41,0
55,42,0
55,43,0
55,44,0
55,45,5
55,46,2
55,47,4
55,48,0
55,49,0
55,50,0
55,51,0
55,52,0
55,53,0
55,54,3
55,55,0
55,56,3
55,57,3
55,58,3
55,59,3
55,60,3
55,61,3
55,62,3
55,63,4
55,64,2
55,65,5
55,66,0
55,67,0
55,68,0
55,69,0
55,70,0
55,71,0
55,72,0
55,73,2
55,74,0
55,75,5
55,76,0
55,77,0
55,78,0
55,79,0
55,80,0
56,0,0
56,1,0
56,2,2
56,3,0
56,4,0
56,5,0
56,6,0
56,7,0
56,8,4
56,9,0
56,10,0
56,11,2
56,12,0
56,13,0
56,14,0
56,15,0
56,16,4
56,17,0
56,18,0
56,19,0
56,20,2
56,21,0
56,22,0
56,23,0
56,24,4
56,25,0
56,26,0
56,27,0
56,28,0
56,29,2
56,30,0
56,31,0
56,32,4
56,33,0
56,34,0
56,35,0
56,36,5
56,37,0
56,38,2
56,39,0
56,40,4
56,41,0
56,42,0
56,43,0
56,44,0
56,45,0
56,46,5
56,47,2
56,48,4
56,49,0
56,50,0
56,51,0
56,52,0
56,53,0
56,54,3
56,55,3
56,56,0
56,57,3
56,58,3
56,59,3
56,60,3
56,61,3
56,62,3
56,63,0
56,64,4
56,65,2
56,66,5
56,67,0
56,68,0
56,69,0
56,70,0
56,71,0
56,72,4
56,73,0
56,74,2
56,75,0
56,76,5
56,77,0
56,78,0
56,79,0
56,80,0
57,0,0
57,1,0
57,2,0
57,3,2
57,4,0
57,5,0
57,6,0
57,7,0
57,8,0
57,9,0
57,10,0
57,11,0
57,12,2
57,13,0
57,14,0
57,15,0
57,16,0
57,17,4
57,18,0
57,19,0
57,20,0
57,21,2
57,22,0
57,23,0
57,24,0
57,25,4
57,26,0
57,27,5
57,28,0
57,29,0
57,30,2
57,31,0
57,32,0
57,33,4
57,34,0
57,35,0
57,36,0
57,37,5
57,38,0
57,39,2
57,40,0
57,41,4
57,42,0
57,43,0
57,44,0
57,45,0
57,46,0
57,47,5
57,48,2
57,49,4
57,50,0
57,51,0
57,52,0
57,53,0
57,54,3
57,55,3
57,56,3
57,57,0
57,58,3
57,59,3
57,60,3
57,61,3
57,62,3
57,63,0
57,64,0
57,65,4
57,66,2
57,67,5
57,68,0
57,69,0
57,70,0
57,71,0
57,72,0
57,73,4
57,74,0
57,75,2
57,76,0
57,77,5
57,78,0
57,79,0
57,80,0
58,0,0
58,1,0
58,2,0
58,3,0
58,4,2
58,5,0
58,6,0
58,7,0
58,8,0
58,9,0
58,10,0
58,11,0
58,12,0
58,13,2
58,14,0
58,15,0
58,16,0
58,17,0
58,18,5
58,19,0
58,20,0
58,21,0
58,22,2
58,23,0
58,24,0
58,25,0
58,26,4
58,27,0
58,28,5
58,29,0
58,30,0
58,31,2
58,32,0
58,33,0
58,34,4
58,35,0
58,36,0
58,37,0
58,38,5
58,39,0
58,40,2
58,41,0
58,42,4
58,43,0
58,44,0
58,45,0
58,46,0
58,47,0
58,48,5
58,49,2
58,50,4
58,51,0
58,52,0
58,53,0
58,54,3
58,55,3
58,56,3
58,57,3
58,58,0
58,59,3
58,60,3
58,61,3
58,62,3
58,63,0
58,64,0
58,65,0
58,66,4
58,67,2
58,68,5
58,69,0
58,70,0
58,71,0
58,72,0
58,73,0
58,74,4
58,75,0
58,76,2
58,77,0
58,78,5
58,79,0
58,80,0
59,0,0
59,1,0
59,2,0
59,3,0
59,4,0
59,5,2
59,6,0
59,7,0
59,8,0
59,9,5
59,10,0
59,11,0
59,12,0
59,13,0
59,14,2
59,15,0
59,16,0
59,17,0
59,18,0
59,19,5
59,20,0
59,21,0
59,22,0
59,23,2
59,24,0
59,25,0
59,26,0
59,27,0
59,28,0
59,29,5
59,30,0
59,31,0
59,32,2
59,33,0
59,34,0
59,35,4
59,36,0
59,37,0
59,38,0
59,39,5
59,40,0
59,41,2
59,42,0
59,43,4
59,44,0
59,45,0
59,46,0
59,47,0
59,48,0
59,49,5
59,50,2
59,51,4
59,52,0
59,53,0
59,54,3
59,55,3
59,56,3
59,57,3
59,58,3
59,59,0
59,60,3
59,61,3
59,62,3
59,63,0
59,64,0
59,65,0
59,66,0
59,67,4
59,68,2
59,69,5
59,70,0
59,71,0
59,72,0
59,73,0
59,74,0
59,75,4
59,76,0
59,77,2
59,78,0
59,79,5
59,80,0
60,0,5
60,1,0
60,2,0
60,3,0
60,4,0
60,5,0
60,6,2
60,7,0
60,8,0
60,9,0
60,10,5
60,11,0
60,12,0
60,13,0
60,14,0
60,15,2
60,16,0
60,17,0
60,18,0
60,19,0
60,20,5
60,21,0
60,22,0
60,23,0
60,24,2
60,25,0
60,26,0
60,27,0
60,28,0
60,29,0
60,30,5
60,31,0
60,32,0
60,33,2
60,34,0
60,35,0
60,36,0
60,37,0
60,38,0
60,39,0
60,40,5
60,41,0
60,42,2
60,43,0
60,44,4
60,45,0
60,46,0
60,47,0
60,48,0
60,49,0
60,50,5
60,51,2
60,52,4
60,53,0
60,54,3
60,55,3
60,56,3
60,57,3
60,58,3
60,59,3
60,60,0
60,61,3
60,62,3
60,63,0
60,64,0
60,65,0
60,66,0
60,67,0
60,68,4
60,69,2
60,70,5
60,71,0
60,72,0
60,73,0
60,74,0
60,75,0
60,76,4
60,77,0
60,78,2
60,79,0
60,80,5
61,0,0
61,1,5
61,2,0
61,3,0
61,4,0
61,5,0
61,6,0
61,7,2
61,8,0
61,9,0
61,10,0
61,11,5
61,12,0
61,13,0
61,14,0
61,15,0
61,16,2
61,17,0
61,18,0
61,19,0
61,20,0
61,21,5
61,22,0
61,23,0
61,24,0
61,25,2
61,26,0
61,27,0
61,28,0
61,29,0
61,30,0
61,31,5
61,32,0
61,33,0
61,34,2
61,35,0
61,36,0
61,37,0
61,38,0
61,39,0
61,40,0
61,41,5
61,42,0
61,43,2
61,44,0
61,45,0
61,46,0
61,47,0
61,48,0
61,49,0
61,50,0
61,51,5
61,52,2
61,53,4
61,54,3
61,55,3
61,56,3
61,57,3
61,58,3
61,59,3
61,60,3
61,61,0
61,62,3
61,63,0
61,64,0
61,65,0
61,66,0
61,67,0
61,68,0
61,69,4
61,70,2
61,71,5
61,72,0
61,73,0
61,74,0
61,75,0
61,76,0
61,77,4
61,78,0
61,79,2
61,80,0
62,0,0
62,1,0
62,2,5
62,3,0
62,4,0
62,5,0
62,6,0
62,7,0
62,8,2
62,9,0
62,10,0
62,11,0
62,12,5
62,13,0
62,14,0
62,15,0
62,16,0
62,17,2
62,18,0
62,19,0
62,20,0
62,21,0
62,22,5
62,23,0
62,24,0
62,25,0
62,26,2
62,27,0
62,28,0
62,29,0
62,30,0
62,31,0
62,32,5
62,33,0
62,34,0
62,35,2
62,36,0
62,37,0
62,38,0
62,39,0
62,40,0
62,41,0
62,42,5
62,43,0
62,44,2
62,45,0
62,46,0
62,47,0
62,48,0
62,49,0
62,50,0
62,51,0
62,52,5
62,53,2
62,54,3
62,55,3
62,56,3
62,57,3
62,58,3
62,59,3
62,60,3
62,61,3
62,62,0
62,63,0
62,64,0
62,65,0
62,66,0
62,67,0
62,68,0
62,69,0
62,70,4
62,71,2
62,72,0
62,73,0
62,74,0
62,75,0
62,76,0
62,77,0
62,78,4
62,79,0
62,80,2
63,0,2
63,1,0
63,2,0
63,3,0
63,4,0
63,5,0
63,6,0
63,7,4
63,8,0
63,9,2
63,10,0
63,11,0
63,12,0
63,13,0
63,14,0
63,15,4
63,16,0
63,17,0
63,18,2
63,19,0
63,20,0
63,21,0
63,22,0
63,23,4
63,24,0
63,25,0
63,26,0
63,27,2
63,28,0
63,29,0
63,30,0
63,31,4
63,32,0
63,33,0
63,34,0
63,35,0
63,36,2
63,37,0
63,38,0
63,39,4
63,40,0
63,41,0
63,42,0
63,43,0
63,44,0
63,45,2
63,46,0
63,47,4
63,48,0
63,49,0
63,50,0
63,51,0
63,52,0
63,53,0
63,54,2
63,55,4
63,56,0
63,57,0
63,58,0
63,59,0
63,60,0
63,61,0
63,62,0
63,63,0
63,64,3
63,65,3
63,66,3
63,67,3
63,68,3
63,69,3
63,70,3
63,71,3
63,72,2
63,73,5
63,74,0
63,75,0
63,76,0
63,77,0
63,78,0
63,79,0
63,80,0
64,0,0
64,1,2
64,2,0
64,3,0
64,4,0
64,5,0
64,6,0
64,7,0
64,8,4
64,9,0
64,10,2
64,11,0
64,12,0
64,13,0
64,14,0
64,15,0
64,16,4
64,17,0
64,18,0
64,19,2
64,20,0
64,21,0
64,22,0
64,23,0
64,24,4
64,25,0
64,26,0
64,27,0
64,28,2
64,29,0
64,30,0
64,31,0
64,32,4
64,33,0
64,34,0
64,35,0
64,36,0
64,37,2
64,38,0
64,39,0
64,40,4
64,41,0
64,42,0
64,43,0
64,44,0
64,45,0
64,46,2
64,47,0
64,48,4
64,49,0
64,50,0
64,51,0
64,52,0
64,53,0
64,54,5
64,55,2
64,56,4
64,57,0
64,58,0
64,59,0
64,60,0
64,61,0
64,62,0
64,63,3
64,64,0
64,65,3
64,66,3
64,67,3
64,68,3
64,69,3
64,70,3
64,71,3
64,72,4
64,73,2
64,74,5
64,75,0
64,76,0
64,77,0
64,78,0
64,79,0
64,80,0
65,0,0
65,1,0
65,2,2
65,3,0
65,4,0
65,5,0
65,6,0
65,7,0
65,8,0
65,9,0
65,10,0
65,11,2
65,12,0
65,13,0
65,14,0
65,15,0
65,16,0
65,17,4
65,18,0
65,19,0
65,20,2
65,21,0
65,22,0
65,23,0
65,24,0
65,25,4
65,26,0
65,27,0
65,28,0
65,29,2
65,30,0
65,31,0
65,32,0
65,33,4
65,34,0
65,35,0
65,36,0
65,37,0
65,38,2
65,39,0
65,40,0
65,41,4
65,42,0
65,43,0
65,44,0
65,45,5
65,46,0
65,47,2
65,48,0
65,49,4
65,50,0
65,51,0
65,52,0
65,53,0
65,54,0
65,55,5
65,56,2
65,57,4
65,58,0
65,59,0
65,60,0
65,61,0
65,62,0
65,63,3
65,64,3
65,65,0
65,66,3
65,67,3
65,68,3
65,69,3
65,70,3
65,71,3
65,72,0
65,73,4
65,74,2
65,75,5
65,76,0
65,77,0
65,78,0
65,79,0
65,80,0
66,0,0
66,1,0
66,2,0
66,3,2
66,4,0
66,5,0
66,6,0
66,7,0
66,8,0
66,9,0
66,10,0
66,11,0
66,12,2
66,13,0
66,14,0
66,15,0
66,16,0
66,17,0
66,18,0
66,19,0
66,20,0
66,21,2
66,22,0
66,23,0
66,24,0
66,25,0
66,26,4
66,27,0
66,28,0
66,29,0
66,30,2
66,31,0
66,32,0
66,33,0
66,34,4
66,35,0
66,36,5
66,37,0
66,38,0
66,39,2
66,40,0
66,41,0
66,42,4
66,43,0
66,44,0
66,45,0
66,46,5
66,47,0
66,48,2
66,49,0
66,50,4
66,51,0
66,52,0
66,53,0
66,54,0
66,55,0
66,56,5
66,57,2
66,58,4
66,59,0
66,60,0
66,61,0
66,62,0
66,63,3
66,64,3
66,65,3
66,66,0
66,67,3
66,68,3
66,69,3
66,70,3
66,71,3
66,72,0
66,73,0
66,74,4
66,75,2
66,76,5
66,77,0
66,78,0
66,79,0
66,80,0
67,0,0
67,1,0
67,2,0
67,3,0
67,4,2
67,5,0
67,6,0
67,7,0
67,8,0
67,9,0
67,10,0
67,11,0
67,12,0
67,13,2
67,14,0
67,15,0
67,16,0
67,17,0
67,18,0
67,19,0
67,20,0
67,21,0
67,22,2
67,23,0
67,24,0
67,25,0
67,26,0
67,27,5
67,28,0
67,29,0
67,30,0
67,31,2
67,32,0
67,33,0
67,34,0
67,35,4
67,36,0
67,37,5
67,38,0
67,39,0
67,40,2
67,41,0
67,42,0
67,43,4
67,44,0
67,45,0
67,46,0
67,47,5
67,48,0
67,49,2
67,50,0
67,51,4
67,52,0
67,53,0
67,54,0
67,55,0
67,56,0
67,57,5
67,58,2
67,59,4
67,60,0
67,61,0
67,62,0
67,63,3
67,64,3
67,65,3
67,66,3
67,67,0
67,68,3
67,69,3
67,70,3
67,71,3
67,72,0
67,73,0
67,74,0
67,75,4
67,76,2
67,77,5
67,78,0
67,79,0
67,80,0
68,0,0
68,1,0
68,2,0
68,3,0
68,4,0
68,5,2
68,6,0
68,7,0
68,8,0
68,9,0
68,10,0
68,11,0
68,12,0
68,13,0
68,14,2
68,15,0
68,16,0
68,17,0
68,18,5
68,19,0
68,20,0
68,21,0
68,22,0
68,23,2
68,24,0
68,25,0
68,26,0
68,27,0
68,28,5
68,29,0
68,30,0
68,31,0
68,32,2
68,33,0
68,34,0
68,35,0
68,36,0
68,37,0
68,38,5
68,39,0
68,40,0
68,41,2
68,42,0
68,43,0
68,44,4
68,45,0
68,46,0
68,47,0
68,48,5
68,49,0
68,50,2
68,51,0
68,52,4
68,53,0
68,54,0
68,55,0
68,56,0
68,57,0
68,58,5
68,59,2
68,60,4
68,61,0
68,62,0
68,63,3
68,64,3
68,65,3
68,66,3
68,67,3
68,68,0
68,69,3
68,70,3
68,71,3
68,72,0
68,73,0
68,74,0
68,75,0
68,76,4
68,77,2
68,78,5
68,79,0
68,80,0
69,0,0
69,1,0
69,2,0
69,3,0
69,4,0
69,5,0
69,6,2
69,7,0
69,8,0
69,9,5
69,10,0
69,11,0
69,12,0
69,13,0
69,14,0
69,15,2
69,16,0
69,17,0
69,18,0
69,19,5
69,20,0
69,21,0
69,22,0
69,23,0
69,24,2
69,25,0
69,26,0
69,27,0
69,28,0
69,29,5
69,30,0
69,31,0
69,32,0
69,33,2
69,34,0
69,35,0
69,36,0
69,37,0
69,38,0
69,39,5
69,40,0
69,41,0
69,42,2
69,43,0
69,44,0
69,45,0
69,46,0
69,47,0
69,48,0
69,49,5
69,50,0
69,51,2
69,52,0
69,53,4
69,54,0
69,55,0
69,56,0
69,57,0
69,58,0
69,59,5
69,60,2
69,61,4
69,62,0
69,63,3
69,64,3
69,65,3
69,66,3
69,67,3
69,68,3
69,69,0
69,70,3
69,71,3
69,72,0
69,73,0
69,74,0
69,75,0
69,76,0
69,77,4
69,78,2
69,79,5
69,80,0
70,0,5
70,1,0
70,2,0
70,3,0
70,4,0
70,5,0
70,6,0
70,7,2
70,8,0
70,9,0
70,10,5
70,11,0
70,12,0
70,13,0
70,14,0
70,15,0
70,16,2
70,17,0
70,18,0
70,19,0
70,20,5
70,21,0
70,22,0
70,23,0
70,24,0
70,25,2
70,26,0
70,27,0
70,28,0
70,29,0
70,30,5
70,31,0
70,32,0
70,33,0
70,34,2
70,35,0
70,36,0
70,37,0
70,38,0
70,39,0
70,40,5
70,41,0
70,42,0
70,43,2
70,44,0
70,45,0
70,46,0
70,47,0
70,48,0
70,49,0
70,50,5
70,51,0
70,52,2
70,53,0
70,54,0
70,55,0
70,56,0
70,57,0
70,58,0
70,59,0
70,60,5
70,61,2
70,62,4
70,63,3
70,64,3
70,65,3
70,66,3
70,67,3
70,68,3
70,69,3
70,70,0
70,71,3
70,72,0
70,73,0
70,74,0
70,75,0
70,76,0
70,77,0
70,78,4
70,79,2
70,80,5
71,0,0
71,1,5
71,2,0
71,3,0
71,4,0
71,5,0
71,6,0
71,7,0
71,8,2
71,9,0
71,10,0
71,11,5
71,12,0
71,13,0
71,14,0
71,15,0
71,16,0
71,17,2
71,18,0
71,19,0
71,20,0
71,21,5
71,22,0
71,23,0
71,24,0
71,25,0
71,26,2
71,27,0
71,28,0
71,29,0
71,30,0
71,31,5
71,32,0
71,33,0
71,34,0
71,35,2
71,36,0
71,37,0
71,38,0
71,39,0
71,40,0
71,41,5
71,42,0
71,43,0
71,44,2
71,45,0
71,46,0
71,47,0
71,48,0
71,49,0
71,50,0
71,51,5
71,52,0
71,53,2
71,54,0
71,55,0
71,56,0
71,57,0
71,58,0
71,59,0
71,60,0
71,61,5
71,62,2
71,63,3
71,64,3
71,65,3
71,66,3
71,67,3
71,68,3
71,69,3
71,70,3
71,71,0
71,72,0
71,73,0
71,74,0
71,75,0
71,76,0
71,77,0
71,78,0
71,79,4
71,80,2
72,0,2
72,1,0
72,2,0
72,3,0
72,4,0
72,5,0
72,6,0
72,7,0
72,8,4
72,9,2
72,10,0
72,11,0
72,12,0
72,13,0
72,14,0
72,15,0
72,16,4
72,17,0
72,18,2
72,19,0
72,20,0
72,21,0
72,22,0
72,23,0
72,24,4
72,25,0
72,26,0
72,27,2
72,28,0
72,29,0
72,30,0
72,31,0
72,32,4
72,33,0
72,34,0
72,35,0
72,36,2
72,37,0
72,38,0
72,39,0
72,40,4
72,41,0
72,42,0
72,43,0
72,44,0
72,45,2
72,46,0
72,47,0
72,48,4
72,49,0
72,50,0
72,51,0
72,52,0
72,53,0
72,54,2
72,55,0
72,56,4
72,57,0
72,58,0
72,59,0
72,60,0
72,61,0
72,62,0
72,63,2
72,64,4
72,65,0
72,66,0
72,67,0
72,68,0
72,69,0
72,70,0
72,71,0
72,72,0
72,73,3
72,74,3
72,75,3
72,76,3
72,77,3
72,78,3
72,79,3
72,80,3
73,0,0
73,1,2
73,2,0
73,3,0
73,4,0
73,5,0
73,6,0
73,7,0
73,8,0
73,9,0
73,10,2
73,11,0
73,12,0
73,13,0
73,14,0
73,15,0
73,16,0
73,17,4
73,18,0
73,19,2
73,20,0
73,21,0
73,22,0
73,23,0
73,24,0
73,25,4
73,26,0
73,27,0
73,28,2
73,29,0
73,30,0
73,31,0
73,32,0
73,33,4
73,34,0
73,35,0
73,36,0
73,37,2
73,38,0
73,39,0
73,40,0
73,41,4
73,42,0
73,43,0
73,44,0
73,45,0
73,46,2
73,47,0
73,48,0
73,49,4
73,50,0
73,51,0
73,52,0
73,53,0
73,54,0
73,55,2
73,56,0
73,57,4
73,58,0
73,59,0
73,60,0
73,61,0
73,62,0
73,63,5
73,64,2
73,65,4
73,66,0
73,67,0
73,68,0
73,69,0
73,70,0
73,71,0
73,72,3
73,73,0
73,74,3
73,75,3
73,76,3
73,77,3
73,78,3
73,79,3
73,80,3
74,0,0
74,1,0
74,2,2
74,3,0
74,4,0
74,5,0
74,6,0
74,7,0
74,8,0
74,9,0
74,10,0
74,11,2
74,12,0
74,13,0
74,14,0
74,15,0
74,16,0
74,17,0
74,18,0
74,19,0
74,20,2
74,21,0
74,22,0
74,23,0
74,24,0
74,25,0
74,26,4
74,27,0
74,28,0
74,29,2
74,30,0
74,31,0
74,32,0
74,33,0
74,34,4
74,35,0
74,36,0
74,37,0
74,38,2
74,39,0
74,40,0
74,41,0
74,42,4
74,43,0
74,44,0
74,45,0
74,46,0
74,47,2
74,48,0
74,49,0
74,50,4
74,51,0
74,52,0
74,53,0
74,54,5
74,55,0
74,56,2
74,57,0
74,58,4
74,59,0
74,60,0
74,61,0
74,62,0
74,63,0
74,64,5
74,65,2
74,66,4
74,67,0
74,68,0
74,69,0
74,70,0
74,71,0
74,72,3
74,73,3
74,74,0
74,75,3
74,76,3
74,77,3
74,78,3
74,79,3
74,80,3
75,0,0
75,1,0
75,2,0
75,3,2
75,4,0
75,5,0
75,6,0
75,7,0
75,8,0
75,9,0
75,10,0
75,11,0
75,12,2
75,13,0
75,14,0
75,15,0
75,16,0
75,17,0
75,18,0
75,19,0
75,20,0
75,21,2
75,22,0
75,23,0
75,24,0
75,25,0
75,26,0
75,27,0
75,28,0
75,29,0
75,30,2
75,31,0
75,32,0
75,33,0
75,34,0
75,35,4
75,36,0
75,37,0
75,38,0
75,39,2
75,40,0
75,41,0
75,42,0
75,43,4
75,44,0
75,45,5
75,46,0
75,47,0
75,48,2
75,49,0
75,50,0
75,51,4
75,52,0
75,53,0
75,54,0
75,55,5
75,56,0
75,57,2
75,58,0
75,59,4
75,60,0
75,61,0
75,62,0
75,63,0
75,64,0
75,65,5
75,66,2
75,67,4
75,68,0
75,69,0
75,70,0
75,71,0
75,72,3
75,73,3
75,74,3
75,75,0
75,76,3
75,77,3
75,78,3
75,79,3
75,80,3
76,0,0
76,1,0
76,2,0
76,3,0
76,4,2
76,5,0
76,6,0
76,7,0
76,8,0
76,9,0
76,10,0
76,11,0
76,12,0
76,13,2
76,14,0
76,15,0
76,16,0
76,17,0
76,18,0
76,19,0
76,20,0
76,21,0
76,22,2
76,23,0
76,24,0
76,25,0
76,26,0
76,27,0
76,28,0
76,29,0
76,30,0
76,31,2
76,32,0
76,33,0
76,34,0
76,35,0
76,36,5
76,37,0
76,38,0
76,39,0
76,40,2
76,41,0
76,42,0
76,43,0
76,44,4
76,45,0
76,46,5
76,47,0
76,48,0
76,49,2
76,50,0
76,51,0
76,52,4
76,53,0
76,54,0
76,55,0
76,56,5
76,57,0
76,58,2
76,59,0
76,60,4
76,61,0
76,62,0
76,63,0
76,64,0
76,65,0
76,66,5
76,67,2
76,68,4
76,69,0
76,70,0
76,71,0
76,72,3
76,73,3
76,74,3
76,75,3
76,76,0
76,77,3
76,78,3
76,79,3
76,80,3
77,0,0
77,1,0
77,2,0
77,3,0
77,4,0
77,5,2
77,6,0
77,7,0
77,8,0
77,9,0
77,10,0
77,11,0
77,12,0
77,13,0
77,14,2
77,15,0
77,16,0
77,17,0
77,18,0
77,19,0
77,20,0
77,21,0
77,22,0
77,23,2
77,24,0
77,25,0
77,26,0
77,27,5
77,28,0
77,29,0
77,30,0
77,31,0
77,32,2
77,33,0
77,34,0
77,35,0
77,36,0
77,37,5
77,38,0
77,39,0
77,40,0
77,41,2
77,42,0
77,43,0
77,44,0
77,45,0
77,46,0
77,47,5
77,48,0
77,49,0
77,50,2
77,51,0
77,52,0
77,53,4
77,54,0
77,55,0
77,56,0
77,57,5
77,58,0
77,59,2
77,60,0
77,61,4
77,62,0
77,63,0
77,64,0
77,65,0
77,66,0
77,67,5
77,68,2
77,69,4
77,70,0
77,71,0
77,72,3
77,73,3
77,74,3
77,75,3
77,76,3
77,77,0
77,78,3
77,79,3
77,80,3
78,0,0
78,1,0
78,2,0
78,3,0
78,4,0
78,5,0
78,6,2
78,7,0
78,8,0
78,9,0
78,10,0
78,11,0
78,12,0
78,13,0
78,14,0
78,15,2
78,16,0
78,17,0
78,18,5
78,19,0
78,20,0
78,21,0
78,22,0
78,23,0
78,24,2
78,25,0
78,26,0
78,27,0
78,28,5
78,29,0
78,30,0
78,31,0
78,32,0
78,33,2
78,34,0
78,35,0
78,36,0
78,37,0
78,38,5
78,39,0
78,40,0
78,41,0
78,42,2
78,43,0
78,44,0
78,45,0
78,46,0
78,47,0
78,48,5
78,49,0
78,50,0
78,51,2
78,52,0
78,53,0
78,54,0
78,55,0
78,56,0
78,57,0
78,58,5
78,59,0
78,60,2
78,61,0
78,62,4
78,63,0
78,64,0
78,65,0
78,66,0
78,67,0
78,68,5
78,69,2
78,70,4
78,71,0
78,72,3
78,73,3
78,74,3
78,75,3
78,76,3
78,77,3
78,78,0
78,79,3
78,80,3
79,0,0
79,1,0
79,2,0
79,3,0
79,4,0
79,5,0
79,6,0
79,7,2
79,8,0
79,9,5
79,10,0
79,11,0
79,12,0
79,13,0
79,14,0
79,15,0
79,16,2
79,17,0
79,18,0
79,19,5
79,20,0
79,21,0
79,22,0
79,23,0
79,24,0
79,25,2
79,26,0
79,27,0
79,28,0
79,29,5
79,30,0
79,31,0
79,32,0
79,33,0
79,34,2
79,35,0
79,36,0
79,37,0
79,38,0
79,39,5
79,40,0
79,41,0
79,42,0
79,43,2
79,44,0
79,45,0
79,46,0
79,47,0
79,48,0
79,49,5
79,50,0
79,51,0
79,52,2
79,53,0
79,54,0
79,55,0
79,56,0
79,57,0
79,58,0
79,59,5
79,60,0
79,61,2
79,62,0
79,63,0
79,64,0
79,65,0
79,66,0
79,67,0
79,68,0
79,69,5
79,70,2
79,71,4
79,72,3
79,73,3
79,74,3
79,75,3
79,76,3
79,77,3
79,78,3
79,79,0
79,80,3
80,0,5
80,1,0
80,2,0
80,3,0
80,4,0
80,5,0
80,6,0
80,7,0
80,8,2
80,9,0
80,10,5
80,11,0
80,12,0
80,13,0
80,14,0
80,15,0
80,16,0
80,17,2
80,18,0
80,19,0
80,20,5
80,21,0
80,22,0
80,23,0
80,24,0
80,25,0
80,26,2
80,27,0
80,28,0
80,29,0
80,30,5
80,31,0
80,32,0
80,33,0
80,34,0
80,35,2
80,36,0
80,37,0
80,38,0
80,39,0
80,40,5
80,41,0
80,42,0
80,43,0
80,44,2
80,45,0
80,46,0
80,47,0
80,48,0
80,49,0
80,50,5
80,51,0
80,52,0
80,53,2
80,54,0
80,55,0
80,56,0
80,57,0
80,58,0
80,59,0
80,60,5
80,61,0
80,62,2
80,63,0
80,64,0
80,65,0
80,66,0
80,67,0
80,68,0
80,69,0
80,70,5
80,71,2
80,72,3
80,73,3
80,74,3
80,75,3
80,76,3
80,77,3
80,78,3
80,79,3
80,80,0
